=================================================================
EXPERIMENT 11: Spontaneous Quantization Scan  (PDF mode)
=================================================================

  n              = 1
  r_n            = 10.3  (Bohr radius in lattice units)
  k_Bohr         = 0.09709
  k scan         = [0.0600, 0.1400]  step 0.0002  (401 values)
  Grid           = 30^3  (0 MB)
  Ticks/k        = 8000   burn-in = first 500  PDF window = 7500
  Radial bins    = 100
  V(r)           = -30.0/(r+0.5)
  omega          = 0.1019

       k    r_mean        cv    r_bias    s_com   inv_sh   pk_err    s_pdf  note
------------------------------------------------------------------------------------------
  0.0600    13.408   0.11511   0.30178   0.4169   0.0849   0.2990   0.3839
  0.0602    11.427   0.33895   0.10939   0.4483   0.1291   0.3999   0.5290
  0.0604    13.052   0.25673   0.26720   0.5239   0.0978   0.4252   0.5229
  0.0606    14.134   0.08134   0.37225   0.4536   0.1099   0.3999   0.5098
  0.0608     8.882   0.57381   0.13763   0.7114   0.0803   0.7604   0.8407
  0.0610     9.357   0.66468   0.09155   0.7562   0.0497   0.7604   0.8101
  0.0612    11.969   0.32993   0.16201   0.4919   0.1129   0.4756   0.5885
  0.0614     9.596   0.50217   0.06833   0.5705   0.0971   0.7604   0.8575
  0.0616    13.292   0.06205   0.29053   0.3526   0.0805   0.2990   0.3795
  0.0618    11.230   0.32993   0.09031   0.4202   0.0612   0.2990   0.3602
  0.0620     4.128   1.12250   0.59923   1.7217   0.0254   0.7604   0.7858
  0.0622    11.410   0.39892   0.10781   0.5067   0.1245   0.2990   0.4235
  0.0624    10.172   0.51355   0.01239   0.5259   0.0957   0.7604   0.8561
  0.0626    10.901   0.36087   0.05831   0.4192   0.1874   0.2738   0.4612
  0.0628    13.381   0.06548   0.29912   0.3646   0.0849   0.2738   0.3587
  0.0630    14.313   0.06004   0.38963   0.4497   0.0736   0.3747   0.4483
  0.0632    13.441   0.18377   0.30491   0.4887   0.1015   0.4756   0.5771
  0.0634    10.661   0.49331   0.03506   0.5284   0.0902   0.7604   0.8506
  0.0636     5.194   1.07243   0.49568   1.5681   0.0271   0.7604   0.7875
  0.0638     8.066   0.79031   0.21691   1.0072   0.0393   0.7604   0.7997
  0.0640    11.468   0.36752   0.11337   0.4809   0.1028   0.3999   0.5027
  0.0642     6.388   0.93763   0.37982   1.3174   0.0316   0.7604   0.7919
  0.0644     5.522   0.96781   0.46385   1.4317   0.0294   0.7604   0.7898
  0.0646     8.953   0.63353   0.13081   0.7643   0.0676   0.7604   0.8280
  0.0648     3.885   1.17367   0.62277   1.7964   0.0239   0.7604   0.7843
  0.0650     6.833   0.84211   0.33660   1.1787   0.0357   0.7604   0.7961
  0.0652    11.743   0.26400   0.14007   0.4041   0.1068   0.3999   0.5067
  0.0654     9.167   0.53354   0.10999   0.6435   0.0849   0.7604   0.8452
  0.0656     7.790   0.71692   0.24369   0.9606   0.0471   0.7604   0.8074
  0.0658    12.941   0.33275   0.25643   0.5892   0.0437   0.5261   0.5697
  0.0660     9.075   0.66750   0.11894   0.7864   0.0623   0.7604   0.8227
  0.0662    13.708   0.12720   0.33087   0.4581   0.0758   0.5261   0.6019
  0.0664    11.919   0.38721   0.15717   0.5444   0.1133   0.3999   0.5133
  0.0666    10.109   0.51880   0.01857   0.5374   0.0864   0.7604   0.8467
  0.0668    11.726   0.35334   0.13847   0.4918   0.1102   0.3999   0.5102
  0.0670     8.491   0.60432   0.17561   0.7799   0.0662   0.7604   0.8266
  0.0672     7.934   0.77322   0.22966   1.0029   0.0411   0.7604   0.8014
  0.0674    14.010   0.07924   0.36015   0.4394   0.0978   0.2990   0.3968
  0.0676     6.113   0.92567   0.40648   1.3322   0.0316   0.7604   0.7920
  0.0678    13.385   0.13174   0.29947   0.4312   0.1176   0.4756   0.5932
  0.0680     9.861   0.61283   0.04259   0.6554   0.0561   0.7604   0.8165
  0.0682     3.811   1.30725   0.63003   1.9373   0.0229   0.7604   0.7833
  0.0684    12.690   0.15836   0.23199   0.3904   0.0753   0.3747   0.4500
  0.0686    12.341   0.21906   0.19818   0.4172   0.0909   0.2990   0.3899
  0.0688    13.339   0.09517   0.29503   0.3902   0.0880   0.2990   0.3871
  0.0690    13.324   0.22652   0.29357   0.5201   0.0918   0.4756   0.5674
  0.0692     3.178   1.26253   0.69146   1.9540   0.0221   0.7604   0.7825
  0.0694     9.499   0.40174   0.07781   0.4795   0.1143   0.1729   0.2873
  0.0696    12.029   0.23918   0.16786   0.4070   0.0904   0.2990   0.3894
  0.0698    12.275   0.37360   0.19170   0.5653   0.1001   0.5261   0.6262
  0.0700    11.842   0.23762   0.14971   0.3873   0.0969   0.3747   0.4716
  0.0702    12.922   0.10520   0.25461   0.3598   0.1011   0.2738   0.3749
  0.0704     7.096   0.78834   0.31103   1.0994   0.0389   0.7604   0.7992
  0.0706    11.769   0.38621   0.14264   0.5288   0.1016   0.5261   0.6276
  0.0708    13.834   0.15879   0.34313   0.5019   0.0839   0.5261   0.6099
  0.0710     4.562   1.15691   0.55712   1.7140   0.0253   0.7604   0.7856
  0.0712    13.201   0.13857   0.28161   0.4202   0.1147   0.2990   0.4137
  0.0714    13.028   0.26750   0.26487   0.5324   0.1198   0.4756   0.5954
  0.0716    11.309   0.44876   0.09792   0.5467   0.0921   0.7604   0.8525
  0.0718    12.853   0.24597   0.24783   0.4938   0.0926   0.3999   0.4925
  0.0720    10.443   0.40697   0.01387   0.4208   0.1228   0.2738   0.3967
  0.0722    11.382   0.31768   0.10500   0.4227   0.1326   0.4252   0.5577
  0.0724    12.140   0.27296   0.17861   0.4516   0.1540   0.2738   0.4278
  0.0726    14.103   0.10700   0.36920   0.4762   0.0784   0.3999   0.4784
  0.0728    11.751   0.33811   0.14087   0.4790   0.1131   0.3999   0.5130
  0.0730     8.010   0.65158   0.22231   0.8739   0.0560   0.7604   0.8164
  0.0732    11.655   0.33640   0.13160   0.4680   0.1160   0.4252   0.5411
  0.0734    12.769   0.20207   0.23975   0.4418   0.0933   0.4756   0.5689
  0.0736    10.142   0.43510   0.01533   0.4504   0.1067   0.2990   0.4058
  0.0738     5.025   1.10637   0.51216   1.6185   0.0266   0.7604   0.7870
  0.0740     3.981   1.17590   0.61351   1.7894   0.0241   0.7604   0.7845
  0.0742    10.605   0.54160   0.02958   0.5712   0.0670   0.7604   0.8274
  0.0744     5.657   1.00501   0.45082   1.4558   0.0290   0.7604   0.7893
  0.0746     4.158   1.17800   0.59634   1.7743   0.0244   0.7604   0.7848
  0.0748    13.505   0.14469   0.31117   0.4559   0.0615   0.4252   0.4866
  0.0750    12.533   0.25852   0.21679   0.4753   0.0833   0.3999   0.4832
  0.0752     3.434   1.22739   0.66656   1.8940   0.0227   0.7604   0.7831
  0.0754    12.385   0.32152   0.20241   0.5239   0.0875   0.2990   0.3865
  0.0756    10.238   0.39840   0.00601   0.4044   0.1503   0.1729   0.3232
  0.0758     4.916   1.04914   0.52268   1.5718   0.0272   0.7604   0.7876
  0.0760     5.407   1.02193   0.47507   1.4970   0.0284   0.7604   0.7887
  0.0762     5.359   1.09640   0.47970   1.5761   0.0270   0.7604   0.7874
  0.0764     3.871   1.17800   0.62421   1.8022   0.0239   0.7604   0.7843
  0.0766    13.654   0.08086   0.32567   0.4065   0.0882   0.2990   0.3872
  0.0768    12.692   0.33652   0.23223   0.5687   0.0932   0.5261   0.6192
  0.0770    11.328   0.37738   0.09981   0.4772   0.1207   0.4756   0.5963
  0.0772     8.571   0.72785   0.16784   0.8957   0.0439   0.7604   0.8043
  0.0774     4.118   1.21398   0.60016   1.8141   0.0241   0.7604   0.7844
  0.0776    14.045   0.06652   0.36361   0.4301   0.0744   0.3999   0.4743
  0.0778     4.999   1.08694   0.51462   1.6016   0.0267   0.7604   0.7870
  0.0780     9.305   0.52904   0.09664   0.6257   0.0842   0.7604   0.8446
  0.0782     9.744   0.57792   0.05398   0.6319   0.0707   0.7604   0.8311
  0.0784    11.755   0.36966   0.14125   0.5109   0.1412   0.4756   0.6168
  0.0786     3.697   1.22801   0.64109   1.8691   0.0233   0.7604   0.7837
  0.0788    12.561   0.30843   0.21955   0.5280   0.1009   0.2990   0.4000
  0.0790     3.316   1.30269   0.67805   1.9807   0.0222   0.7604   0.7825
  0.0792    12.072   0.25531   0.17208   0.4274   0.0576   0.3747   0.4323
  0.0794     6.305   0.90049   0.38791   1.2884   0.0325   0.7604   0.7928
  0.0796     6.519   0.91538   0.36707   1.2824   0.0323   0.7604   0.7927
  0.0798     4.039   1.21647   0.60785   1.8243   0.0239   0.7604   0.7842
  0.0800    13.567   0.11775   0.31717   0.4349   0.0929   0.5261   0.6189
  0.0802     6.953   0.80438   0.32495   1.1293   0.0371   0.7604   0.7974
  0.0804    13.981   0.05942   0.35740   0.4168   0.0645   0.2990   0.3635
  0.0806     3.480   1.28246   0.66218   1.9446   0.0226   0.7604   0.7830
  0.0808    12.604   0.11923   0.22372   0.3429   0.1073   0.2738   0.3811
  0.0810     4.651   1.14153   0.54841   1.6899   0.0254   0.7604   0.7858
  0.0812    12.118   0.25572   0.17654   0.4323   0.1263   0.3999   0.5263
  0.0814    11.370   0.36813   0.10392   0.4720   0.1443   0.5261   0.6703
  0.0816     5.218   1.07675   0.49344   1.5702   0.0271   0.7604   0.7875
  0.0818     4.676   1.13410   0.54599   1.6801   0.0257   0.7604   0.7860
  0.0820    13.169   0.13213   0.27855   0.4107   0.0653   0.2990   0.3643
  0.0822     9.493   0.48377   0.07838   0.5621   0.1105   0.7604   0.8709
  0.0824    12.412   0.32371   0.20505   0.5288   0.1291   0.5261   0.6552
  0.0826     9.282   0.69424   0.09884   0.7931   0.0475   0.7604   0.8079
  0.0828     5.783   0.92570   0.43856   1.3643   0.0310   0.7604   0.7914
  0.0830    13.137   0.20659   0.27541   0.4820   0.1058   0.4756   0.5814
  0.0832     4.769   1.11447   0.53697   1.6514   0.0262   0.7604   0.7866
  0.0834    10.397   0.42913   0.00939   0.4385   0.0891   0.2234   0.3124
  0.0836     6.088   0.95174   0.40889   1.3606   0.0308   0.7604   0.7912
  0.0838    10.643   0.42091   0.03333   0.4542   0.0796   0.1981   0.2778
  0.0840    13.059   0.20607   0.26785   0.4739   0.1138   0.5261   0.6399
  0.0842     9.499   0.54930   0.07772   0.6270   0.1195   0.7604   0.8799
  0.0844    11.161   0.39304   0.08362   0.4767   0.1413   0.3999   0.5413
  0.0846    13.429   0.14272   0.30375   0.4465   0.0459   0.2990   0.3450
  0.0848     8.114   0.70018   0.21219   0.9124   0.0490   0.7604   0.8094
  0.0850     8.868   0.65953   0.13901   0.7985   0.0561   0.7604   0.8164
  0.0852    13.032   0.15496   0.26529   0.4203   0.0999   0.5261   0.6260
  0.0854    10.784   0.40996   0.04696   0.4569   0.1369   0.3999   0.5368
  0.0856    12.455   0.30445   0.20922   0.5137   0.0938   0.3999   0.4938
  0.0858    12.143   0.29243   0.17897   0.4714   0.1319   0.2738   0.4057
  0.0860     6.350   0.94551   0.38347   1.3290   0.0312   0.7604   0.7916
  0.0862     7.129   0.81614   0.30788   1.1240   0.0402   0.7604   0.8005
  0.0864     6.955   0.86349   0.32471   1.1882   0.0347   0.7604   0.7951
  0.0866     4.625   1.17642   0.55098   1.7274   0.0251   0.7604   0.7855
  0.0868    13.786   0.11401   0.33846   0.4525   0.1345   0.4756   0.6101
  0.0870     8.166   0.76277   0.20722   0.9700   0.0407   0.7604   0.8010
  0.0872     3.058   1.33153   0.70308   2.0346   0.0216   0.7604   0.7819
  0.0874     6.354   0.96120   0.38308   1.3443   0.0312   0.7604   0.7915
  0.0876    12.361   0.29815   0.20007   0.4982   0.1032   0.2990   0.4022
  0.0878    12.012   0.38654   0.16623   0.5528   0.1151   0.4756   0.5907
  0.0880    13.803   0.08568   0.34011   0.4258   0.1210   0.4756   0.5966
  0.0882    12.772   0.31603   0.24001   0.5560   0.0863   0.4756   0.5619
  0.0884     5.327   1.04008   0.48282   1.5229   0.0280   0.7604   0.7883
  0.0886    11.453   0.30313   0.11191   0.4150   0.0745   0.2990   0.3735
  0.0888    11.916   0.28665   0.15688   0.4435   0.1178   0.3999   0.5178
  0.0890     9.058   0.57953   0.12056   0.7001   0.0793   0.7604   0.8397
  0.0892    13.219   0.21841   0.28335   0.5018   0.1216   0.4756   0.5973
  0.0894     4.263   1.13863   0.58614   1.7248   0.0250   0.7604   0.7853
  0.0896    13.955   0.07775   0.35485   0.4326   0.0765   0.4756   0.5521
  0.0898     4.345   1.21008   0.57814   1.7882   0.0244   0.7604   0.7848
  0.0900    11.491   0.38979   0.11560   0.5054   0.1383   0.3999   0.5382
  0.0902     9.967   0.56660   0.03229   0.5989   0.0616   0.7604   0.8220
  0.0904    11.813   0.22561   0.14693   0.3725   0.1222   0.3747   0.4970
  0.0906     7.522   0.79883   0.26969   1.0685   0.0418   0.7604   0.8022
  0.0908    11.984   0.21597   0.16350   0.3795   0.0994   0.2990   0.3985
  0.0910    13.683   0.07374   0.32844   0.4022   0.0962   0.3999   0.4961
  0.0912     3.482   1.22277   0.66193   1.8847   0.0230   0.7604   0.7834
  0.0914    14.443   0.07449   0.40221   0.4767   0.0672   0.5261   0.5933
  0.0916     3.889   1.22428   0.62241   1.8467   0.0235   0.7604   0.7839
  0.0918     9.121   0.61210   0.11442   0.7265   0.0544   0.7604   0.8148
  0.0920    13.375   0.14707   0.29856   0.4456   0.1039   0.5261   0.6299
  0.0922    12.207   0.29469   0.18515   0.4798   0.0963   0.2738   0.3701
  0.0924    13.967   0.14711   0.35600   0.5031   0.1175   0.2990   0.4166
  0.0926    10.401   0.40491   0.00985   0.4148   0.1054   0.2990   0.4045
  0.0928    11.966   0.37393   0.16177   0.5357   0.0944   0.5261   0.6205
  0.0930    13.248   0.05848   0.28617   0.3446   0.0722   0.2990   0.3713
  0.0932    11.784   0.32153   0.14409   0.4656   0.1031   0.2990   0.4022
  0.0934    13.706   0.08281   0.33072   0.4135   0.1009   0.2990   0.3999
  0.0936    12.668   0.35288   0.22990   0.5828   0.0940   0.5261   0.6200
  0.0938     2.872   1.25693   0.72112   1.9780   0.0216   0.7604   0.7819
  0.0940    11.525   0.19736   0.11890   0.3163   0.1149   0.0972   0.2121
  0.0942    11.094   0.35360   0.07709   0.4307   0.0907   0.2990   0.3898
  0.0944     3.839   1.25393   0.62731   1.8812   0.0234   0.7604   0.7838
  0.0946     8.566   0.62307   0.16838   0.7915   0.0631   0.7604   0.8235
  0.0948    12.594   0.27653   0.22271   0.4992   0.0760   0.3999   0.4759
  0.0950    10.383   0.40194   0.00804   0.4100   0.1204   0.3999   0.5203
  0.0952     6.234   0.89462   0.39473   1.2893   0.0325   0.7604   0.7929
  0.0954    12.696   0.26857   0.23264   0.5012   0.0934   0.4756   0.5690
  0.0956    13.606   0.08202   0.32095   0.4030   0.0740   0.3999   0.4739
  0.0958    14.109   0.06119   0.36983   0.4310   0.0787   0.2990   0.3777
  0.0960     5.982   1.00755   0.41923   1.4268   0.0293   0.7604   0.7896
  0.0962    12.426   0.29839   0.20640   0.5048   0.0783   0.3999   0.4782
  0.0964    12.894   0.23064   0.25187   0.4825   0.0838   0.3999   0.4837
  0.0966    12.226   0.13630   0.18699   0.3233   0.1138   0.2990   0.4128
  0.0968    13.173   0.13424   0.27893   0.4132   0.0761   0.2990   0.3751
  0.0970     8.821   0.52076   0.14361   0.6644   0.1102   0.7604   0.8706 <- Bohr k_1
  0.0972    13.398   0.09270   0.30082   0.3935   0.0975   0.2234   0.3208 <- Bohr k_1
  0.0974    10.292   0.46237   0.00078   0.4632   0.1504   0.5261   0.6764
  0.0976     4.036   1.18594   0.60817   1.7941   0.0242   0.7604   0.7846
  0.0978    11.836   0.32528   0.14915   0.4744   0.1034   0.4252   0.5286
  0.0980     3.433   1.33887   0.66669   2.0056   0.0224   0.7604   0.7827
  0.0982     5.847   1.02262   0.43236   1.4550   0.0289   0.7604   0.7893
  0.0984    11.010   0.37521   0.06891   0.4441   0.1394   0.3243   0.4637
  0.0986     9.879   0.42729   0.04090   0.4682   0.1218   0.1981   0.3199
  0.0988     4.481   1.19897   0.56491   1.7639   0.0248   0.7604   0.7851
  0.0990    13.336   0.14334   0.29476   0.4381   0.1000   0.2234   0.3233
  0.0992     5.192   1.04890   0.49593   1.5448   0.0275   0.7604   0.7879
  0.0994     6.423   0.88505   0.37644   1.2615   0.0335   0.7604   0.7939
  0.0996    13.450   0.07747   0.30580   0.3833   0.0959   0.2990   0.3950
  0.0998    11.802   0.39594   0.14582   0.5418   0.1161   0.7604   0.8764
  0.1000    12.438   0.21686   0.20759   0.4244   0.0812   0.2990   0.3802
  0.1002    11.635   0.32510   0.12966   0.4548   0.0963   0.3999   0.4962
  0.1004    13.615   0.10130   0.32183   0.4231   0.0828   0.2990   0.3818
  0.1006     4.938   1.11230   0.52059   1.6329   0.0265   0.7604   0.7868
  0.1008    12.481   0.20537   0.21173   0.4171   0.0604   0.1981   0.2585
  0.1010    13.568   0.22146   0.31728   0.5387   0.0767   0.4252   0.5019
  0.1012    12.400   0.22436   0.20390   0.4283   0.0915   0.3999   0.4914
  0.1014    11.100   0.35347   0.07765   0.4311   0.0919   0.2990   0.3910
  0.1016    14.545   0.08335   0.41216   0.4955   0.0941   0.4252   0.5193
  0.1018     8.739   0.64665   0.15154   0.7982   0.0503   0.7604   0.8106
  0.1020     3.500   1.32517   0.66023   1.9854   0.0225   0.7604   0.7828
  0.1022     5.502   1.05984   0.46584   1.5257   0.0277   0.7604   0.7881
  0.1024    10.219   0.56613   0.00786   0.5740   0.0753   0.7604   0.8357
  0.1026    12.845   0.17838   0.24709   0.4255   0.1114   0.2738   0.3852
  0.1028     4.162   1.15031   0.59590   1.7462   0.0246   0.7604   0.7850
  0.1030    13.612   0.09171   0.32158   0.4133   0.0826   0.2990   0.3817
  0.1032    14.188   0.10936   0.37744   0.4868   0.0586   0.4756   0.5342
  0.1034     5.939   0.99387   0.42339   1.4173   0.0295   0.7604   0.7899
  0.1036     7.104   0.76184   0.31030   1.0721   0.0435   0.7604   0.8038
  0.1038     5.781   0.95941   0.43872   1.3981   0.0301   0.7604   0.7905
  0.1040     4.024   1.22225   0.60937   1.8316   0.0239   0.7604   0.7843
  0.1042    12.356   0.16464   0.19963   0.3643   0.1089   0.4756   0.5845
  0.1044    13.799   0.12888   0.33970   0.4686   0.1011   0.4756   0.5767
  0.1046    13.389   0.26429   0.29988   0.5642   0.1180   0.4252   0.5432
  0.1048    12.155   0.36324   0.18013   0.5434   0.1010   0.3999   0.5009
  0.1050    10.054   0.45425   0.02386   0.4781   0.0902   0.2990   0.3893
  0.1052     9.580   0.49472   0.06992   0.5646   0.1252   0.7604   0.8856
  0.1054     6.643   0.82334   0.35502   1.1784   0.0364   0.7604   0.7968
  0.1056    11.110   0.33287   0.07867   0.4115   0.1050   0.4252   0.5301
  0.1058     7.590   0.73091   0.26306   0.9940   0.0460   0.7604   0.8063
  0.1060    11.422   0.34481   0.10896   0.4538   0.0925   0.2990   0.3916
  0.1062    13.034   0.19735   0.26545   0.4628   0.1090   0.3999   0.5090
  0.1064     7.843   0.76075   0.23859   0.9993   0.0405   0.7604   0.8009
  0.1066     5.230   1.03335   0.49220   1.5255   0.0284   0.7604   0.7887
  0.1068     2.851   1.21131   0.72319   1.9345   0.0217   0.7604   0.7821
  0.1070    13.478   0.22583   0.30850   0.5343   0.0563   0.4252   0.4815
  0.1072    12.033   0.30683   0.16827   0.4751   0.1262   0.3999   0.5261
  0.1074    10.552   0.44423   0.02444   0.4687   0.0903   0.7604   0.8507
  0.1076    10.236   0.41867   0.00618   0.4248   0.1448   0.5261   0.6708
  0.1078    13.621   0.08349   0.32248   0.4060   0.0867   0.2990   0.3858
  0.1080     3.898   1.17978   0.62157   1.8013   0.0239   0.7604   0.7843
  0.1082    13.856   0.08714   0.34524   0.4324   0.0590   0.3999   0.4589
  0.1084    12.748   0.23256   0.23771   0.4703   0.0946   0.3999   0.4945
  0.1086    12.860   0.19524   0.24858   0.4438   0.0888   0.3999   0.4887
  0.1088    11.978   0.35389   0.16289   0.5168   0.0965   0.2990   0.3956
  0.1090     5.067   1.08500   0.50802   1.5930   0.0268   0.7604   0.7872
  0.1092     8.885   0.53903   0.13736   0.6764   0.0925   0.7604   0.8528
  0.1094    11.173   0.26770   0.08476   0.3525   0.1176   0.3999   0.5176
  0.1096     8.407   0.79845   0.18382   0.9823   0.0397   0.7604   0.8001
  0.1098    13.346   0.09189   0.29575   0.3876   0.0743   0.2990   0.3734
  0.1100     6.857   0.86763   0.33429   1.2019   0.0344   0.7604   0.7947
  0.1102    11.596   0.26150   0.12585   0.3873   0.0947   0.2990   0.3937
  0.1104    11.836   0.27247   0.14915   0.4216   0.0954   0.4756   0.5710
  0.1106     8.549   0.66764   0.16999   0.8376   0.0490   0.7604   0.8093
  0.1108     6.603   0.88878   0.35890   1.2477   0.0341   0.7604   0.7944
  0.1110     4.231   1.13914   0.58926   1.7284   0.0249   0.7604   0.7853
  0.1112    12.060   0.23854   0.17091   0.4095   0.1490   0.3747   0.5238
  0.1114    11.544   0.36917   0.12082   0.4900   0.0529   0.2990   0.3519
  0.1116    13.870   0.07950   0.34659   0.4261   0.0828   0.2990   0.3818
  0.1118    11.981   0.31869   0.16320   0.4819   0.0714   0.2990   0.3705
  0.1120     9.072   0.58798   0.11926   0.7072   0.0647   0.7604   0.8251
  0.1122    11.549   0.30016   0.12122   0.4214   0.0795   0.3999   0.4794
  0.1124    11.675   0.26853   0.13352   0.4020   0.0772   0.2990   0.3762
  0.1126    13.026   0.15641   0.26461   0.4210   0.0818   0.2990   0.3809
  0.1128     3.779   1.21351   0.63311   1.8466   0.0235   0.7604   0.7838
  0.1130    11.146   0.30886   0.08217   0.3910   0.1369   0.2738   0.4107
  0.1132     6.734   0.89530   0.34624   1.2415   0.0332   0.7604   0.7936
  0.1134    12.104   0.16403   0.17519   0.3392   0.1177   0.2738   0.3916
  0.1136    12.565   0.22714   0.21993   0.4471   0.1142   0.3999   0.5141
  0.1138    13.515   0.05907   0.31218   0.3713   0.0511   0.2990   0.3501
  0.1140     5.821   1.03320   0.43485   1.4680   0.0286   0.7604   0.7890
  0.1142    13.035   0.15468   0.26556   0.4202   0.1118   0.1729   0.2848
  0.1144     3.885   1.23668   0.62282   1.8595   0.0248   0.7604   0.7851
  0.1146     9.128   0.61499   0.11378   0.7288   0.0666   0.7604   0.8270
  0.1148     5.335   1.00346   0.48207   1.4855   0.0285   0.7604   0.7889
  0.1150     9.069   0.65498   0.11955   0.7745   0.0550   0.7604   0.8153
  0.1152    10.703   0.42000   0.03910   0.4591   0.1180   0.3999   0.5179
  0.1154     6.480   0.90554   0.37084   1.2764   0.0326   0.7604   0.7930
  0.1156    13.233   0.17725   0.28479   0.4620   0.0986   0.3999   0.4986
  0.1158    13.955   0.07971   0.35486   0.4346   0.0711   0.3999   0.4710
  0.1160    13.263   0.17684   0.28770   0.4645   0.0683   0.2990   0.3673
  0.1162    12.065   0.24470   0.17137   0.4161   0.0973   0.3999   0.4973
  0.1164     6.869   0.85708   0.33306   1.1901   0.0349   0.7604   0.7953
  0.1166     4.963   1.09485   0.51813   1.6130   0.0265   0.7604   0.7868
  0.1168    11.241   0.38103   0.09136   0.4724   0.1137   0.2990   0.4127
  0.1170     5.532   1.00679   0.46287   1.4697   0.0288   0.7604   0.7892
  0.1172    13.244   0.19136   0.28583   0.4772   0.0671   0.4756   0.5427
  0.1174    12.419   0.24171   0.20574   0.4475   0.0971   0.3999   0.4971
  0.1176    10.458   0.38034   0.01530   0.3956   0.1077   0.2990   0.4067
  0.1178    13.719   0.18142   0.33198   0.5134   0.0796   0.2990   0.3787
  0.1180    11.509   0.28288   0.11742   0.4003   0.0724   0.2234   0.2958
  0.1182    13.722   0.08139   0.33221   0.4136   0.1066   0.2990   0.4056
  0.1184    12.085   0.36388   0.17329   0.5372   0.1273   0.3747   0.5020
  0.1186     9.243   0.64416   0.10259   0.7468   0.0516   0.7604   0.8120
  0.1188    14.108   0.16955   0.36970   0.5392   0.1060   0.4756   0.5816
  0.1190    12.490   0.22810   0.21266   0.4408   0.0831   0.2990   0.3821
  0.1192     9.524   0.40287   0.07536   0.4782   0.1256   0.1729   0.2985
  0.1194     7.060   0.78216   0.31452   1.0967   0.0410   0.7604   0.8014
  0.1196    13.868   0.13003   0.34643   0.4765   0.0768   0.3999   0.4768
  0.1198     7.308   0.86690   0.29052   1.1574   0.0349   0.7604   0.7953
  0.1200     5.303   1.10193   0.48518   1.5871   0.0268   0.7604   0.7872
  0.1202    13.198   0.05681   0.28136   0.3382   0.0452   0.2990   0.3442
  0.1204    11.138   0.44371   0.08132   0.5250   0.0780   0.2990   0.3771
  0.1206     7.901   0.68566   0.23294   0.9186   0.0530   0.7604   0.8134
  0.1208    11.292   0.38100   0.09629   0.4773   0.1250   0.5261   0.6511
  0.1210     9.785   0.53182   0.04999   0.5818   0.0950   0.7604   0.8553
  0.1212    11.376   0.44169   0.10444   0.5461   0.1246   0.7604   0.8850
  0.1214     3.408   1.25376   0.66914   1.9229   0.0226   0.7604   0.7830
  0.1216    12.110   0.24960   0.17569   0.4253   0.1407   0.3999   0.5406
  0.1218    10.871   0.46775   0.05542   0.5232   0.0794   0.3747   0.4541
  0.1220    10.266   0.51067   0.00330   0.5140   0.0970   0.7604   0.8574
  0.1222    11.320   0.35175   0.09902   0.4508   0.1468   0.1729   0.3197
  0.1224    14.198   0.07917   0.37843   0.4576   0.0972   0.2990   0.3962
  0.1226    13.978   0.12375   0.35713   0.4809   0.0807   0.4756   0.5563
  0.1228    13.578   0.12397   0.31822   0.4422   0.0666   0.4252   0.4917
  0.1230    11.383   0.28104   0.10510   0.3861   0.1022   0.3747   0.4769
  0.1232     5.407   1.07952   0.47507   1.5546   0.0275   0.7604   0.7879
  0.1234    14.292   0.05282   0.38757   0.4404   0.0492   0.4252   0.4744
  0.1236    13.504   0.18306   0.31108   0.4941   0.1367   0.4252   0.5618
  0.1238    12.197   0.33392   0.18415   0.5181   0.1272   0.4756   0.6028
  0.1240     4.674   1.10302   0.54619   1.6492   0.0261   0.7604   0.7864
  0.1242     4.838   1.10242   0.53034   1.6328   0.0262   0.7604   0.7866
  0.1244    13.335   0.18491   0.29462   0.4795   0.1241   0.3999   0.5241
  0.1246     3.386   1.18929   0.67127   1.8606   0.0230   0.7604   0.7833
  0.1248    12.829   0.15467   0.24558   0.4003   0.0823   0.3747   0.4570
  0.1250    10.835   0.32840   0.05199   0.3804   0.1118   0.2234   0.3352
  0.1252     3.357   1.30329   0.67406   1.9773   0.0222   0.7604   0.7826
  0.1254     5.523   1.06678   0.46380   1.5306   0.0276   0.7604   0.7880
  0.1256    13.564   0.16563   0.31686   0.4825   0.1150   0.3999   0.5150
  0.1258     9.932   0.44529   0.03571   0.4810   0.1396   0.7604   0.9000
  0.1260     6.065   0.98313   0.41114   1.3943   0.0299   0.7604   0.7903
  0.1262     3.255   1.24828   0.68400   1.9323   0.0224   0.7604   0.7827
  0.1264    10.958   0.48885   0.06390   0.5528   0.0785   0.7604   0.8388
  0.1266     4.486   1.11542   0.56444   1.6799   0.0262   0.7604   0.7865
  0.1268     3.074   1.27031   0.70158   1.9719   0.0219   0.7604   0.7823
  0.1270     4.136   1.14222   0.59841   1.7406   0.0252   0.7604   0.7856
  0.1272    13.625   0.13887   0.32278   0.4616   0.1001   0.2990   0.3992
  0.1274    13.651   0.14291   0.32535   0.4683   0.0918   0.3999   0.4918
  0.1276    12.126   0.22585   0.17733   0.4032   0.0729   0.3747   0.4476
  0.1278    13.212   0.17199   0.28271   0.4547   0.1114   0.2990   0.4105
  0.1280     3.440   1.20156   0.66601   1.8676   0.0230   0.7604   0.7834
  0.1282    10.618   0.41183   0.03084   0.4427   0.0943   0.3747   0.4690
  0.1284     2.842   1.27573   0.72411   1.9998   0.0214   0.7604   0.7818
  0.1286    11.952   0.34186   0.16038   0.5022   0.0957   0.3999   0.4957
  0.1288    11.828   0.32153   0.14833   0.4699   0.0856   0.4756   0.5612
  0.1290     7.192   0.88860   0.30171   1.1903   0.0341   0.7604   0.7945
  0.1292     9.115   0.52663   0.11502   0.6417   0.1065   0.7604   0.8669
  0.1294     4.520   1.12312   0.56117   1.6843   0.0255   0.7604   0.7858
  0.1296    12.827   0.07325   0.24530   0.3186   0.0640   0.2990   0.3630
  0.1298     6.105   1.01015   0.40726   1.4174   0.0295   0.7604   0.7899
  0.1300    10.862   0.36959   0.05459   0.4242   0.0922   0.3747   0.4670
  0.1302    10.093   0.53835   0.02007   0.5584   0.0680   0.7604   0.8284
  0.1304    11.735   0.32102   0.13929   0.4603   0.0946   0.2990   0.3936
  0.1306     3.965   1.18483   0.61507   1.7999   0.0241   0.7604   0.7844
  0.1308    11.316   0.38067   0.09863   0.4793   0.1274   0.4252   0.5525
  0.1310    11.258   0.32427   0.09300   0.4173   0.1350   0.3243   0.4593
  0.1312    13.686   0.07364   0.32870   0.4023   0.1037   0.2990   0.4027
  0.1314    10.148   0.47378   0.01474   0.4885   0.0841   0.7604   0.8445
  0.1316    11.792   0.28412   0.14481   0.4289   0.1180   0.4756   0.5936
  0.1318    13.096   0.14262   0.27142   0.4140   0.0913   0.5261   0.6174
  0.1320     2.710   1.19710   0.73687   1.9340   0.0214   0.7604   0.7818
  0.1322     8.664   0.66752   0.15886   0.8264   0.0515   0.7604   0.8119
  0.1324     6.827   0.94279   0.33716   1.2800   0.0317   0.7604   0.7921
  0.1326     7.618   0.76877   0.26034   1.0291   0.0397   0.7604   0.8001
  0.1328     5.518   1.00078   0.46425   1.4650   0.0289   0.7604   0.7893
  0.1330    13.692   0.13730   0.32932   0.4666   0.1291   0.2234   0.3525
  0.1332     3.255   1.27638   0.68398   1.9604   0.0222   0.7604   0.7825
  0.1334    11.658   0.38414   0.13185   0.5160   0.1002   0.3999   0.5001
  0.1336    14.423   0.12339   0.40033   0.5237   0.0492   0.5261   0.5753
  0.1338     4.327   1.18827   0.57994   1.7682   0.0246   0.7604   0.7850
  0.1340     8.238   0.71125   0.20017   0.9114   0.0443   0.7604   0.8047
  0.1342    13.250   0.13610   0.28644   0.4225   0.0701   0.4756   0.5457
  0.1344    12.083   0.26608   0.17315   0.4392   0.0939   0.3999   0.4938
  0.1346     7.667   0.81093   0.25559   1.0665   0.0388   0.7604   0.7992
  0.1348    13.890   0.10645   0.34856   0.4550   0.0707   0.3747   0.4454
  0.1350    12.571   0.38897   0.22045   0.6094   0.0645   0.5261   0.5905
  0.1352     4.539   1.15941   0.55928   1.7187   0.0251   0.7604   0.7855
  0.1354     6.578   0.84590   0.36131   1.2072   0.0346   0.7604   0.7950
  0.1356    11.272   0.43232   0.09441   0.5267   0.0968   0.7604   0.8572
  0.1358     8.394   0.64030   0.18501   0.8253   0.0572   0.7604   0.8175
  0.1360     4.351   1.10809   0.57759   1.6857   0.0254   0.7604   0.7858
  0.1362    12.082   0.30259   0.17302   0.4756   0.0891   0.2990   0.3881
  0.1364     5.283   1.09874   0.48707   1.5858   0.0288   0.7604   0.7892
  0.1366     5.391   0.98906   0.47664   1.4657   0.0289   0.7604   0.7893
  0.1368    11.712   0.27836   0.13704   0.4154   0.0748   0.2990   0.3738
  0.1370     4.701   1.17736   0.54363   1.7210   0.0251   0.7604   0.7855
  0.1372     3.194   1.27549   0.68988   1.9654   0.0221   0.7604   0.7825
  0.1374    12.699   0.17101   0.23291   0.4039   0.0856   0.5261   0.6117
  0.1376    13.344   0.15799   0.29552   0.4535   0.0954   0.4252   0.5205
  0.1378     6.748   0.86571   0.34490   1.2106   0.0341   0.7604   0.7945
  0.1380    14.207   0.12136   0.37929   0.5006   0.0482   0.5261   0.5742
  0.1382     3.936   1.28749   0.61788   1.9054   0.0232   0.7604   0.7835
  0.1384    11.884   0.28647   0.15382   0.4403   0.0967   0.2990   0.3957
  0.1386     6.874   0.84687   0.33259   1.1795   0.0350   0.7604   0.7954
  0.1388    11.913   0.19909   0.15664   0.3557   0.1299   0.2738   0.4037
  0.1390     7.511   0.72565   0.27073   0.9964   0.0420   0.7604   0.8024
  0.1392    12.473   0.18592   0.21099   0.3969   0.0771   0.3747   0.4518
  0.1394    13.847   0.07984   0.34438   0.4242   0.0875   0.2990   0.3866
  0.1396    12.986   0.18788   0.26078   0.4487   0.0476   0.2990   0.3466
  0.1398    14.362   0.13774   0.39434   0.5321   0.0646   0.4756   0.5402
  0.1400     3.138   1.25585   0.69532   1.9512   0.0220   0.7604   0.7824

=================================================================
RESULT [CoM (cv+r_bias)]  (n=1)
=================================================================
  Best k (min score) = 0.0940
  Bohr k_1           = 0.0971
  Error              = 3.2%
  Score at best k    = 0.316260

=================================================================
RESULT [PDF (peak_err+inv_sharpness)]  (n=1)
=================================================================
  Best k (min score) = 0.0940
  Bohr k_1           = 0.0971
  Error              = 3.2%
  Score at best k    = 0.212098

  Total time = 64725s  (17.98 hrs)

[SCAN PARTIAL]
  PDF minimum at k=0.0940, Bohr predicts 0.0971 (3.2% off).
  Consider: finer k step, longer TICKS, or larger grid.

Saved: ../../data\quantization_scan_n1.npy
  columns: k, r_mean, cv, r_bias, score_com, inv_sharpness, peak_error, score_pdf
Saved: ../../data\quantization_scan_n1_pdf.npy   shape (401, 100)  (n_k x N_BINS)
Saved: ../../data\quantization_scan_n1_rbins.npy  shape (100,)

PDF score profile  (lower = better Bohr candidate)
       k  score_pdf  bar
-------------------------------------------------------
  0.0600    0.38389  ||||||||||||| 
  0.0602    0.52900  |||||||||||||||||| 
  0.0604    0.52291  ||||||||||||||||| 
  0.0606    0.50983  ||||||||||||||||| 
  0.0608    0.84071  |||||||||||||||||||||||||||| 
  0.0610    0.81009  ||||||||||||||||||||||||||| 
  0.0612    0.58852  |||||||||||||||||||| 
  0.0614    0.85745  ||||||||||||||||||||||||||||| 
  0.0616    0.37955  ||||||||||||| 
  0.0618    0.36024  |||||||||||| 
  0.0620    0.78576  |||||||||||||||||||||||||| 
  0.0622    0.42354  |||||||||||||| 
  0.0624    0.85608  ||||||||||||||||||||||||||||| 
  0.0626    0.46117  ||||||||||||||| 
  0.0628    0.35873  |||||||||||| 
  0.0630    0.44831  ||||||||||||||| 
  0.0632    0.57708  ||||||||||||||||||| 
  0.0634    0.85055  |||||||||||||||||||||||||||| 
  0.0636    0.78751  |||||||||||||||||||||||||| 
  0.0638    0.79969  ||||||||||||||||||||||||||| 
  0.0640    0.50272  ||||||||||||||||| 
  0.0642    0.79193  |||||||||||||||||||||||||| 
  0.0644    0.78982  |||||||||||||||||||||||||| 
  0.0646    0.82802  |||||||||||||||||||||||||||| 
  0.0648    0.78429  |||||||||||||||||||||||||| 
  0.0650    0.79608  ||||||||||||||||||||||||||| 
  0.0652    0.50672  ||||||||||||||||| 
  0.0654    0.84523  |||||||||||||||||||||||||||| 
  0.0656    0.80744  ||||||||||||||||||||||||||| 
  0.0658    0.56971  ||||||||||||||||||| 
  0.0660    0.82271  ||||||||||||||||||||||||||| 
  0.0662    0.60186  |||||||||||||||||||| 
  0.0664    0.51328  ||||||||||||||||| 
  0.0666    0.84674  |||||||||||||||||||||||||||| 
  0.0668    0.51017  ||||||||||||||||| 
  0.0670    0.82657  |||||||||||||||||||||||||||| 
  0.0672    0.80144  ||||||||||||||||||||||||||| 
  0.0674    0.39679  ||||||||||||| 
  0.0676    0.79199  |||||||||||||||||||||||||| 
  0.0678    0.59317  |||||||||||||||||||| 
  0.0680    0.81646  ||||||||||||||||||||||||||| 
  0.0682    0.78325  |||||||||||||||||||||||||| 
  0.0684    0.45001  ||||||||||||||| 
  0.0686    0.38992  ||||||||||||| 
  0.0688    0.38706  ||||||||||||| 
  0.0690    0.56740  ||||||||||||||||||| 
  0.0692    0.78248  |||||||||||||||||||||||||| 
  0.0694    0.28726  |||||||||| 
  0.0696    0.38941  ||||||||||||| 
  0.0698    0.62618  ||||||||||||||||||||| 
  0.0700    0.47159  |||||||||||||||| 
  0.0702    0.37488  |||||||||||| 
  0.0704    0.79925  ||||||||||||||||||||||||||| 
  0.0706    0.62764  ||||||||||||||||||||| 
  0.0708    0.60995  |||||||||||||||||||| 
  0.0710    0.78563  |||||||||||||||||||||||||| 
  0.0712    0.41372  |||||||||||||| 
  0.0714    0.59541  |||||||||||||||||||| 
  0.0716    0.85246  |||||||||||||||||||||||||||| 
  0.0718    0.49254  |||||||||||||||| 
  0.0720    0.39666  ||||||||||||| 
  0.0722    0.55773  ||||||||||||||||||| 
  0.0724    0.42777  |||||||||||||| 
  0.0726    0.47838  |||||||||||||||| 
  0.0728    0.51303  ||||||||||||||||| 
  0.0730    0.81639  ||||||||||||||||||||||||||| 
  0.0732    0.54113  |||||||||||||||||| 
  0.0734    0.56888  ||||||||||||||||||| 
  0.0736    0.40575  |||||||||||||| 
  0.0738    0.78696  |||||||||||||||||||||||||| 
  0.0740    0.78451  |||||||||||||||||||||||||| 
  0.0742    0.82735  |||||||||||||||||||||||||||| 
  0.0744    0.78933  |||||||||||||||||||||||||| 
  0.0746    0.78477  |||||||||||||||||||||||||| 
  0.0748    0.48664  |||||||||||||||| 
  0.0750    0.48320  |||||||||||||||| 
  0.0752    0.78312  |||||||||||||||||||||||||| 
  0.0754    0.38654  ||||||||||||| 
  0.0756    0.32318  ||||||||||| 
  0.0758    0.78760  |||||||||||||||||||||||||| 
  0.0760    0.78874  |||||||||||||||||||||||||| 
  0.0762    0.78741  |||||||||||||||||||||||||| 
  0.0764    0.78431  |||||||||||||||||||||||||| 
  0.0766    0.38722  ||||||||||||| 
  0.0768    0.61923  ||||||||||||||||||||| 
  0.0770    0.59632  |||||||||||||||||||| 
  0.0772    0.80427  ||||||||||||||||||||||||||| 
  0.0774    0.78443  |||||||||||||||||||||||||| 
  0.0776    0.47429  |||||||||||||||| 
  0.0778    0.78704  |||||||||||||||||||||||||| 
  0.0780    0.84461  |||||||||||||||||||||||||||| 
  0.0782    0.83106  |||||||||||||||||||||||||||| 
  0.0784    0.61685  ||||||||||||||||||||| 
  0.0786    0.78366  |||||||||||||||||||||||||| 
  0.0788    0.39997  ||||||||||||| 
  0.0790    0.78254  |||||||||||||||||||||||||| 
  0.0792    0.43232  |||||||||||||| 
  0.0794    0.79285  |||||||||||||||||||||||||| 
  0.0796    0.79267  |||||||||||||||||||||||||| 
  0.0798    0.78425  |||||||||||||||||||||||||| 
  0.0800    0.61892  ||||||||||||||||||||| 
  0.0802    0.79745  ||||||||||||||||||||||||||| 
  0.0804    0.36350  |||||||||||| 
  0.0806    0.78298  |||||||||||||||||||||||||| 
  0.0808    0.38109  ||||||||||||| 
  0.0810    0.78581  |||||||||||||||||||||||||| 
  0.0812    0.52628  |||||||||||||||||| 
  0.0814    0.67033  |||||||||||||||||||||| 
  0.0816    0.78751  |||||||||||||||||||||||||| 
  0.0818    0.78605  |||||||||||||||||||||||||| 
  0.0820    0.36429  |||||||||||| 
  0.0822    0.87090  ||||||||||||||||||||||||||||| 
  0.0824    0.65518  |||||||||||||||||||||| 
  0.0826    0.80790  ||||||||||||||||||||||||||| 
  0.0828    0.79141  |||||||||||||||||||||||||| 
  0.0830    0.58139  ||||||||||||||||||| 
  0.0832    0.78661  |||||||||||||||||||||||||| 
  0.0834    0.31243  |||||||||| 
  0.0836    0.79122  |||||||||||||||||||||||||| 
  0.0838    0.27779  ||||||||| 
  0.0840    0.63986  ||||||||||||||||||||| 
  0.0842    0.87991  ||||||||||||||||||||||||||||| 
  0.0844    0.54125  |||||||||||||||||| 
  0.0846    0.34498  ||||||||||| 
  0.0848    0.80938  ||||||||||||||||||||||||||| 
  0.0850    0.81645  ||||||||||||||||||||||||||| 
  0.0852    0.62598  ||||||||||||||||||||| 
  0.0854    0.53680  |||||||||||||||||| 
  0.0856    0.49376  |||||||||||||||| 
  0.0858    0.40574  |||||||||||||| 
  0.0860    0.79161  |||||||||||||||||||||||||| 
  0.0862    0.80053  ||||||||||||||||||||||||||| 
  0.0864    0.79510  ||||||||||||||||||||||||||| 
  0.0866    0.78548  |||||||||||||||||||||||||| 
  0.0868    0.61008  |||||||||||||||||||| 
  0.0870    0.80102  ||||||||||||||||||||||||||| 
  0.0872    0.78193  |||||||||||||||||||||||||| 
  0.0874    0.79155  |||||||||||||||||||||||||| 
  0.0876    0.40221  ||||||||||||| 
  0.0878    0.59071  |||||||||||||||||||| 
  0.0880    0.59659  |||||||||||||||||||| 
  0.0882    0.56193  ||||||||||||||||||| 
  0.0884    0.78832  |||||||||||||||||||||||||| 
  0.0886    0.37355  |||||||||||| 
  0.0888    0.51778  ||||||||||||||||| 
  0.0890    0.83969  |||||||||||||||||||||||||||| 
  0.0892    0.59726  |||||||||||||||||||| 
  0.0894    0.78533  |||||||||||||||||||||||||| 
  0.0896    0.55210  |||||||||||||||||| 
  0.0898    0.78481  |||||||||||||||||||||||||| 
  0.0900    0.53822  |||||||||||||||||| 
  0.0902    0.82200  ||||||||||||||||||||||||||| 
  0.0904    0.49695  ||||||||||||||||| 
  0.0906    0.80216  ||||||||||||||||||||||||||| 
  0.0908    0.39848  ||||||||||||| 
  0.0910    0.49613  ||||||||||||||||| 
  0.0912    0.78337  |||||||||||||||||||||||||| 
  0.0914    0.59329  |||||||||||||||||||| 
  0.0916    0.78387  |||||||||||||||||||||||||| 
  0.0918    0.81481  ||||||||||||||||||||||||||| 
  0.0920    0.62994  ||||||||||||||||||||| 
  0.0922    0.37008  |||||||||||| 
  0.0924    0.41658  |||||||||||||| 
  0.0926    0.40447  ||||||||||||| 
  0.0928    0.62050  ||||||||||||||||||||| 
  0.0930    0.37126  |||||||||||| 
  0.0932    0.40216  ||||||||||||| 
  0.0934    0.39991  ||||||||||||| 
  0.0936    0.62003  ||||||||||||||||||||| 
  0.0938    0.78194  |||||||||||||||||||||||||| 
  0.0940    0.21210  ||||||| 
  0.0942    0.38976  ||||||||||||| 
  0.0944    0.78376  |||||||||||||||||||||||||| 
  0.0946    0.82349  ||||||||||||||||||||||||||| 
  0.0948    0.47594  |||||||||||||||| 
  0.0950    0.52032  ||||||||||||||||| 
  0.0952    0.79291  |||||||||||||||||||||||||| 
  0.0954    0.56905  ||||||||||||||||||| 
  0.0956    0.47393  |||||||||||||||| 
  0.0958    0.37772  ||||||||||||| 
  0.0960    0.78964  |||||||||||||||||||||||||| 
  0.0962    0.47824  |||||||||||||||| 
  0.0964    0.48372  |||||||||||||||| 
  0.0966    0.41279  |||||||||||||| 
  0.0968    0.37513  ||||||||||||| 
  0.0970    0.87059  |||||||||||||||||||||||||||||<
  0.0972    0.32084  |||||||||||<
  0.0974    0.67645  ||||||||||||||||||||||| 
  0.0976    0.78457  |||||||||||||||||||||||||| 
  0.0978    0.52859  |||||||||||||||||| 
  0.0980    0.78273  |||||||||||||||||||||||||| 
  0.0982    0.78931  |||||||||||||||||||||||||| 
  0.0984    0.46370  ||||||||||||||| 
  0.0986    0.31994  ||||||||||| 
  0.0988    0.78513  |||||||||||||||||||||||||| 
  0.0990    0.32333  ||||||||||| 
  0.0992    0.78792  |||||||||||||||||||||||||| 
  0.0994    0.79385  |||||||||||||||||||||||||| 
  0.0996    0.39496  ||||||||||||| 
  0.0998    0.87642  ||||||||||||||||||||||||||||| 
  0.1000    0.38019  ||||||||||||| 
  0.1002    0.49622  ||||||||||||||||| 
  0.1004    0.38179  ||||||||||||| 
  0.1006    0.78682  |||||||||||||||||||||||||| 
  0.1008    0.25849  ||||||||| 
  0.1010    0.50188  ||||||||||||||||| 
  0.1012    0.49139  |||||||||||||||| 
  0.1014    0.39095  ||||||||||||| 
  0.1016    0.51928  ||||||||||||||||| 
  0.1018    0.81065  ||||||||||||||||||||||||||| 
  0.1020    0.78284  |||||||||||||||||||||||||| 
  0.1022    0.78807  |||||||||||||||||||||||||| 
  0.1024    0.83571  |||||||||||||||||||||||||||| 
  0.1026    0.38523  ||||||||||||| 
  0.1028    0.78499  |||||||||||||||||||||||||| 
  0.1030    0.38168  ||||||||||||| 
  0.1032    0.53423  |||||||||||||||||| 
  0.1034    0.78990  |||||||||||||||||||||||||| 
  0.1036    0.80384  ||||||||||||||||||||||||||| 
  0.1038    0.79050  |||||||||||||||||||||||||| 
  0.1040    0.78425  |||||||||||||||||||||||||| 
  0.1042    0.58451  ||||||||||||||||||| 
  0.1044    0.57670  ||||||||||||||||||| 
  0.1046    0.54319  |||||||||||||||||| 
  0.1048    0.50088  ||||||||||||||||| 
  0.1050    0.38929  ||||||||||||| 
  0.1052    0.88555  |||||||||||||||||||||||||||||| 
  0.1054    0.79680  ||||||||||||||||||||||||||| 
  0.1056    0.53011  |||||||||||||||||| 
  0.1058    0.80633  ||||||||||||||||||||||||||| 
  0.1060    0.39157  ||||||||||||| 
  0.1062    0.50897  ||||||||||||||||| 
  0.1064    0.80089  ||||||||||||||||||||||||||| 
  0.1066    0.78873  |||||||||||||||||||||||||| 
  0.1068    0.78207  |||||||||||||||||||||||||| 
  0.1070    0.48150  |||||||||||||||| 
  0.1072    0.52611  |||||||||||||||||| 
  0.1074    0.85072  |||||||||||||||||||||||||||| 
  0.1076    0.67081  |||||||||||||||||||||| 
  0.1078    0.38576  ||||||||||||| 
  0.1080    0.78430  |||||||||||||||||||||||||| 
  0.1082    0.45893  ||||||||||||||| 
  0.1084    0.49449  |||||||||||||||| 
  0.1086    0.48872  |||||||||||||||| 
  0.1088    0.39557  ||||||||||||| 
  0.1090    0.78715  |||||||||||||||||||||||||| 
  0.1092    0.85283  |||||||||||||||||||||||||||| 
  0.1094    0.51756  ||||||||||||||||| 
  0.1096    0.80010  ||||||||||||||||||||||||||| 
  0.1098    0.37338  |||||||||||| 
  0.1100    0.79472  |||||||||||||||||||||||||| 
  0.1102    0.39375  ||||||||||||| 
  0.1104    0.57098  ||||||||||||||||||| 
  0.1106    0.80935  ||||||||||||||||||||||||||| 
  0.1108    0.79445  |||||||||||||||||||||||||| 
  0.1110    0.78526  |||||||||||||||||||||||||| 
  0.1112    0.52375  ||||||||||||||||| 
  0.1114    0.35192  |||||||||||| 
  0.1116    0.38181  ||||||||||||| 
  0.1118    0.37048  |||||||||||| 
  0.1120    0.82510  |||||||||||||||||||||||||||| 
  0.1122    0.47942  |||||||||||||||| 
  0.1124    0.37623  ||||||||||||| 
  0.1126    0.38086  ||||||||||||| 
  0.1128    0.78382  |||||||||||||||||||||||||| 
  0.1130    0.41070  |||||||||||||| 
  0.1132    0.79356  |||||||||||||||||||||||||| 
  0.1134    0.39155  ||||||||||||| 
  0.1136    0.51410  ||||||||||||||||| 
  0.1138    0.35010  |||||||||||| 
  0.1140    0.78896  |||||||||||||||||||||||||| 
  0.1142    0.28476  ||||||||| 
  0.1144    0.78514  |||||||||||||||||||||||||| 
  0.1146    0.82699  |||||||||||||||||||||||||||| 
  0.1148    0.78887  |||||||||||||||||||||||||| 
  0.1150    0.81533  ||||||||||||||||||||||||||| 
  0.1152    0.51790  ||||||||||||||||| 
  0.1154    0.79295  |||||||||||||||||||||||||| 
  0.1156    0.49856  ||||||||||||||||| 
  0.1158    0.47101  |||||||||||||||| 
  0.1160    0.36729  |||||||||||| 
  0.1162    0.49728  ||||||||||||||||| 
  0.1164    0.79525  ||||||||||||||||||||||||||| 
  0.1166    0.78684  |||||||||||||||||||||||||| 
  0.1168    0.41269  |||||||||||||| 
  0.1170    0.78915  |||||||||||||||||||||||||| 
  0.1172    0.54271  |||||||||||||||||| 
  0.1174    0.49707  ||||||||||||||||| 
  0.1176    0.40669  |||||||||||||| 
  0.1178    0.37865  ||||||||||||| 
  0.1180    0.29580  |||||||||| 
  0.1182    0.40561  |||||||||||||| 
  0.1184    0.50203  ||||||||||||||||| 
  0.1186    0.81200  ||||||||||||||||||||||||||| 
  0.1188    0.58160  ||||||||||||||||||| 
  0.1190    0.38214  ||||||||||||| 
  0.1192    0.29852  |||||||||| 
  0.1194    0.80135  ||||||||||||||||||||||||||| 
  0.1196    0.47675  |||||||||||||||| 
  0.1198    0.79525  ||||||||||||||||||||||||||| 
  0.1200    0.78720  |||||||||||||||||||||||||| 
  0.1202    0.34420  ||||||||||| 
  0.1204    0.37705  ||||||||||||| 
  0.1206    0.81336  ||||||||||||||||||||||||||| 
  0.1208    0.65105  |||||||||||||||||||||| 
  0.1210    0.85534  ||||||||||||||||||||||||||||| 
  0.1212    0.88502  |||||||||||||||||||||||||||||| 
  0.1214    0.78299  |||||||||||||||||||||||||| 
  0.1216    0.54059  |||||||||||||||||| 
  0.1218    0.45407  ||||||||||||||| 
  0.1220    0.85736  ||||||||||||||||||||||||||||| 
  0.1222    0.31974  ||||||||||| 
  0.1224    0.39620  ||||||||||||| 
  0.1226    0.55632  ||||||||||||||||||| 
  0.1228    0.49175  |||||||||||||||| 
  0.1230    0.47689  |||||||||||||||| 
  0.1232    0.78789  |||||||||||||||||||||||||| 
  0.1234    0.47439  |||||||||||||||| 
  0.1236    0.56183  ||||||||||||||||||| 
  0.1238    0.60278  |||||||||||||||||||| 
  0.1240    0.78644  |||||||||||||||||||||||||| 
  0.1242    0.78660  |||||||||||||||||||||||||| 
  0.1244    0.52408  ||||||||||||||||| 
  0.1246    0.78335  |||||||||||||||||||||||||| 
  0.1248    0.45704  ||||||||||||||| 
  0.1250    0.33518  ||||||||||| 
  0.1252    0.78260  |||||||||||||||||||||||||| 
  0.1254    0.78798  |||||||||||||||||||||||||| 
  0.1256    0.51496  ||||||||||||||||| 
  0.1258    0.89999  |||||||||||||||||||||||||||||| 
  0.1260    0.79029  |||||||||||||||||||||||||| 
  0.1262    0.78273  |||||||||||||||||||||||||| 
  0.1264    0.83884  |||||||||||||||||||||||||||| 
  0.1266    0.78654  |||||||||||||||||||||||||| 
  0.1268    0.78231  |||||||||||||||||||||||||| 
  0.1270    0.78558  |||||||||||||||||||||||||| 
  0.1272    0.39916  ||||||||||||| 
  0.1274    0.49176  |||||||||||||||| 
  0.1276    0.44758  ||||||||||||||| 
  0.1278    0.41048  |||||||||||||| 
  0.1280    0.78337  |||||||||||||||||||||||||| 
  0.1282    0.46896  |||||||||||||||| 
  0.1284    0.78181  |||||||||||||||||||||||||| 
  0.1286    0.49567  ||||||||||||||||| 
  0.1288    0.56117  ||||||||||||||||||| 
  0.1290    0.79449  |||||||||||||||||||||||||| 
  0.1292    0.86687  ||||||||||||||||||||||||||||| 
  0.1294    0.78584  |||||||||||||||||||||||||| 
  0.1296    0.36299  |||||||||||| 
  0.1298    0.78990  |||||||||||||||||||||||||| 
  0.1300    0.46696  |||||||||||||||| 
  0.1302    0.82836  |||||||||||||||||||||||||||| 
  0.1304    0.39362  ||||||||||||| 
  0.1306    0.78444  |||||||||||||||||||||||||| 
  0.1308    0.55255  |||||||||||||||||| 
  0.1310    0.45926  ||||||||||||||| 
  0.1312    0.40271  ||||||||||||| 
  0.1314    0.84452  |||||||||||||||||||||||||||| 
  0.1316    0.59364  |||||||||||||||||||| 
  0.1318    0.61740  ||||||||||||||||||||| 
  0.1320    0.78181  |||||||||||||||||||||||||| 
  0.1322    0.81191  ||||||||||||||||||||||||||| 
  0.1324    0.79207  |||||||||||||||||||||||||| 
  0.1326    0.80011  ||||||||||||||||||||||||||| 
  0.1328    0.78925  |||||||||||||||||||||||||| 
  0.1330    0.35246  |||||||||||| 
  0.1332    0.78255  |||||||||||||||||||||||||| 
  0.1334    0.50010  ||||||||||||||||| 
  0.1336    0.57529  ||||||||||||||||||| 
  0.1338    0.78499  |||||||||||||||||||||||||| 
  0.1340    0.80467  ||||||||||||||||||||||||||| 
  0.1342    0.54575  |||||||||||||||||| 
  0.1344    0.49384  |||||||||||||||| 
  0.1346    0.79918  ||||||||||||||||||||||||||| 
  0.1348    0.44537  ||||||||||||||| 
  0.1350    0.59054  |||||||||||||||||||| 
  0.1352    0.78551  |||||||||||||||||||||||||| 
  0.1354    0.79496  |||||||||||||||||||||||||| 
  0.1356    0.85720  ||||||||||||||||||||||||||||| 
  0.1358    0.81753  ||||||||||||||||||||||||||| 
  0.1360    0.78576  |||||||||||||||||||||||||| 
  0.1362    0.38809  ||||||||||||| 
  0.1364    0.78921  |||||||||||||||||||||||||| 
  0.1366    0.78931  |||||||||||||||||||||||||| 
  0.1368    0.37384  |||||||||||| 
  0.1370    0.78547  |||||||||||||||||||||||||| 
  0.1372    0.78252  |||||||||||||||||||||||||| 
  0.1374    0.61165  |||||||||||||||||||| 
  0.1376    0.52053  ||||||||||||||||| 
  0.1378    0.79451  |||||||||||||||||||||||||| 
  0.1380    0.57425  ||||||||||||||||||| 
  0.1382    0.78354  |||||||||||||||||||||||||| 
  0.1384    0.39572  ||||||||||||| 
  0.1386    0.79539  ||||||||||||||||||||||||||| 
  0.1388    0.40369  ||||||||||||| 
  0.1390    0.80236  ||||||||||||||||||||||||||| 
  0.1392    0.45181  ||||||||||||||| 
  0.1394    0.38658  ||||||||||||| 
  0.1396    0.34660  |||||||||||| 
  0.1398    0.54016  |||||||||||||||||| 
  0.1400    0.78239  |||||||||||||||||||||||||| 
